[gd_scene load_steps=10 format=2]

[ext_resource path="res://Player_3d/Player.tscn" type="PackedScene" id=1]
[ext_resource path="res://World_3d/World.gd" type="Script" id=3]
[ext_resource path="res://Train_3d/Train.tscn" type="PackedScene" id=4]
[ext_resource path="res://World_3d/platform_final.meshlib" type="MeshLibrary" id=5]
[ext_resource path="res://Hud_3d/HUD.tscn" type="PackedScene" id=6]
[ext_resource path="res://World_3d/railway_track.meshlib" type="MeshLibrary" id=7]
[ext_resource path="res://People_3d/Person1.tscn" type="PackedScene" id=8]
[ext_resource path="res://People_3d/Person2.tscn" type="PackedScene" id=9]
[ext_resource path="res://World_3d/Coin.tscn" type="PackedScene" id=10]

[node name="World" type="Spatial"]
transform = Transform( 1, 0, 0, 0, 1, 0, 0, 0, 1, 41, 0, 0 )
script = ExtResource( 3 )
Person1 = ExtResource( 8 )
Person2 = ExtResource( 9 )
Coin = ExtResource( 10 )

[node name="Track" type="GridMap" parent="."]
transform = Transform( 1, 0, 0, 0, 1, 0, 0, 0, 1, 19.357, -7, 0 )
mesh_library = ExtResource( 7 )
cell_scale = 5.0
data = {
"cells": PoolIntArray( 16, 65152, 0, 16, 65177, 0, 16, 65202, 0, 16, 65227, 0, 16, 65252, 0, 16, 65277, 0, 16, 65302, 0, 16, 65327, 0, 16, 65352, 0, 16, 65377, 0, 16, 65402, 0, 16, 65427, 0, 16, 65452, 0, 16, 65477, 0, 16, 65502, 0, 16, 65527, 0 )
}
__meta__ = {
"_editor_clip_": 0,
"_editor_floor_": Vector3( 0, 0, 0 )
}

[node name="Platform" type="GridMap" parent="."]
transform = Transform( -1, 0, -3.25841e-07, 0, 1, 0, 3.25841e-07, 0, -1, 0, -7, 0 )
mesh_library = ExtResource( 5 )
cell_size = Vector3( 1, 1, 151.8 )
cell_scale = 6.0
data = {
"cells": PoolIntArray( 10, 0, 0, 10, 1, 0, 10, 2, 0, 10, 3, 0, 10, 4, 0, 10, 65535, 0 )
}
__meta__ = {
"_editor_clip_": 0
}

[node name="Player" parent="." instance=ExtResource( 1 )]
transform = Transform( 1, 0, 0, 0, 1, 0, 0, 0, 1, -7.5, 0.0939724, 0 )

[node name="CameraFollowOrth" type="Spatial" parent="Player"]
transform = Transform( 0.886052, 0.184618, -0.425239, 0.235242, 0.611353, 0.755585, 0.399465, -0.769522, 0.498261, -13.1548, 31.8782, 2.87514 )

[node name="CameraFollowPers" type="Spatial" parent="Player"]
transform = Transform( 0.909727, 0.135159, -0.392592, 0.235242, 0.611353, 0.755585, 0.342136, -0.779731, 0.52437, -6.713, 25.688, -17.3173 )

[node name="Train" parent="." instance=ExtResource( 4 )]
transform = Transform( 1, 0, 0, 0, 1, 0, 0, 0, 1, 35.6449, -10.148, -166.419 )

[node name="HUD" parent="." instance=ExtResource( 6 )]

[node name="AddPlatformTile" type="Timer" parent="."]
wait_time = 7.0
autostart = true

[node name="RemovePlatformTile" type="Timer" parent="."]
wait_time = 7.0
autostart = true

[node name="AddRailwayTile" type="Timer" parent="."]
wait_time = 3.0
autostart = true

[node name="RemoveRailwayTile" type="Timer" parent="."]
wait_time = 3.0
autostart = true

[node name="Coin" parent="." instance=ExtResource( 10 )]
transform = Transform( 1, 0, 0, 0, 1, 0, 0, 0, 1, -34.3326, -0.55185, 27.7654 )
visible = false

[node name="InterpolatedCamera" type="InterpolatedCamera" parent="."]
transform = Transform( 1, 0, 0, 0, 0.707107, 0.707107, 0, -0.707107, 0.707107, 0, 65.9321, 24.9158 )
projection = 1
current = true
size = 42.0
target = NodePath("../Player/CameraFollowOrth")
speed = 2.0
enabled = true

[node name="DirectionalLight" type="DirectionalLight" parent="."]
transform = Transform( 0.987716, -2.54583e-08, 0.156262, -0.156262, -1.60919e-07, 0.987716, 0, -1, -1.62921e-07, 67.489, 46.2989, 0 )
visible = false
light_color = Color( 0.247059, 0.364706, 0.360784, 1 )
directional_shadow_mode = 0
directional_shadow_blend_splits = true
directional_shadow_max_distance = 20.0
[connection signal="pressed" from="HUD/Restart" to="." method="_on_Restart_pressed"]
[connection signal="button_down" from="HUD/Sprint" to="Player" method="_on_Sprint_button_down"]
[connection signal="button_up" from="HUD/Sprint" to="Player" method="_on_Sprint_button_up"]
[connection signal="timeout" from="AddPlatformTile" to="." method="_on_AddPlatformTile_timeout"]
[connection signal="timeout" from="RemovePlatformTile" to="." method="_on_RemovePlatformTile_timeout"]
[connection signal="timeout" from="AddRailwayTile" to="." method="_on_AddRailwayTile_timeout"]
[connection signal="timeout" from="RemoveRailwayTile" to="." method="_on_RemoveRailwayTile_timeout"]
[connection signal="coin_collected" from="Coin" to="HUD" method="_on_Coin_coin_collected"]

[editable path="HUD"]
